offset: 0.8737387695535155
amplitude: 0.023172919450857685
period_nm: 81.00260414637529
phase: 2.789356303250338
slope: -0.00035282528750921205
center_nm: 1569.9999982835673
smooth_window: 401
min_period_nm: 74.999267578125
max_period_nm: 399.99609375
